<?xml version="1.0" encoding="utf-8"?>
<COLLADA xmlns="http://www.collada.org/2005/11/COLLADASchema" version="1.4.1">
  <asset><contributor><author></author><authoring_tool>FBX COLLADA exporter</authoring_tool><comments></comments></contributor><created>2018-11-20T01:59:13Z</created><keywords></keywords><modified>2018-11-20T01:59:13Z</modified><revision></revision><subject></subject><title></title><unit meter="0.010000" name="centimeter"></unit><up_axis>Y_UP</up_axis></asset>
  <library_materials>
    <material id="lambert1" name="lambert1">
      <instance_effect url="#lambert1-fx"/>
    </material>
  </library_materials>
  <library_effects>
    <effect id="lambert1-fx" name="lambert1">
      <profile_COMMON>
        <technique sid="standard">
          <lambert>
            <emission>
              <color sid="emission">0.000000  0.000000 0.000000 1.000000</color>
            </emission>
            <ambient>
              <color sid="ambient">0.000000  0.000000 0.000000 1.000000</color>
            </ambient>
            <diffuse>
              <color sid="diffuse">0.400000  0.400000 0.400000 1.000000</color>
            </diffuse>
            <transparent opaque="RGB_ZERO">
              <color sid="transparent">0.000000  0.000000 0.000000 1.000000</color>
            </transparent>
            <transparency>
              <float sid="transparency">1.000000</float>
            </transparency>
          </lambert>
        </technique>
      </profile_COMMON>
    </effect>
  </library_effects>
  <library_geometries>
    <geometry id="WATER_ncl1_1-lib" name="WATER_ncl1_1Mesh">
      <mesh>
        <source id="WATER_ncl1_1-POSITION">
          <float_array id="WATER_ncl1_1-POSITION-array" count="363">
-0.500000 -0.000000 0.500000
-0.400000 -0.009788 0.500000
-0.300000 0.004011 0.500000
-0.200000 0.006885 0.500000
-0.100000 -0.016800 0.500000
-0.000000 -0.000000 0.500000
0.100000 0.016800 0.500000
0.200000 -0.006885 0.500000
0.300000 -0.004011 0.500000
0.400000 0.009788 0.500000
0.500000 0.000000 0.500000
-0.500000 0.009788 0.400000
-0.400000 -0.000000 0.400000
-0.300000 -0.011047 0.400000
-0.200000 -0.005441 0.400000
-0.100000 0.013277 0.400000
-0.000000 -0.000000 0.400000
0.100000 -0.013277 0.400000
0.200000 0.005441 0.400000
0.300000 0.011047 0.400000
0.400000 -0.000000 0.400000
0.500000 -0.009788 0.400000
-0.500000 -0.004011 0.300000
-0.400000 0.008528 0.300000
-0.300000 -0.009452 0.300000
-0.200000 -0.004655 0.300000
-0.100000 0.011359 0.300000
0.000000 -0.000000 0.300000
0.100000 -0.011359 0.300000
0.200000 0.004655 0.300000
0.300000 0.009452 0.300000
0.400000 -0.008528 0.300000
0.500000 0.004011 0.300000
-0.500000 -0.009404 0.200000
-0.400000 -0.013463 0.200000
-0.300000 0.014921 0.200000
-0.200000 0.007348 0.200000
-0.100000 -0.017932 0.200000
0.000000 -0.000000 0.200000
0.100000 0.017932 0.200000
0.200000 -0.007348 0.200000
0.300000 -0.014921 0.200000
0.400000 0.013463 0.200000
0.500000 0.009404 0.200000
-0.500000 -0.002103 0.100000
-0.400000 -0.003011 0.100000
-0.300000 0.003337 0.100000
-0.200000 0.001644 0.100000
-0.100000 -0.004011 0.100000
-0.000000 0.000000 0.100000
0.100000 0.004011 0.100000
0.200000 -0.001644 0.100000
0.300000 -0.003337 0.100000
0.400000 0.003011 0.100000
0.500000 0.002103 0.100000
-0.500000 0.010266 -0.000000
-0.400000 0.014697 -0.000000
-0.300000 -0.016288 -0.000000
-0.200000 -0.008022 -0.000000
-0.100000 0.019576 -0.000000
-0.000000 0.000000 0.000000
0.100000 -0.019576 0.000000
0.200000 0.008022 0.000000
0.300000 0.016288 0.000000
0.400000 -0.014697 0.000000
0.500000 -0.010266 0.000000
-0.500000 -0.002103 -0.100000
-0.400000 -0.003011 -0.100000
-0.300000 0.003337 -0.100000
-0.200000 0.001644 -0.100000
-0.100000 -0.004011 -0.100000
0.000000 -0.000000 -0.100000
0.100000 0.004011 -0.100000
0.200000 -0.001644 -0.100000
0.300000 -0.003337 -0.100000
0.400000 0.003011 -0.100000
0.500000 0.002103 -0.100000
-0.500000 -0.009404 -0.200000
-0.400000 -0.013463 -0.200000
-0.300000 0.014921 -0.200000
-0.200000 0.007348 -0.200000
-0.100000 -0.017932 -0.200000
-0.000000 -0.000000 -0.200000
0.100000 0.017932 -0.200000
0.200000 -0.007348 -0.200000
0.300000 -0.014921 -0.200000
0.400000 0.013463 -0.200000
0.500000 0.009404 -0.200000
-0.500000 -0.004011 -0.300000
-0.400000 0.008528 -0.300000
-0.300000 -0.009452 -0.300000
-0.200000 -0.004655 -0.300000
-0.100000 0.011359 -0.300000
-0.000000 0.000000 -0.300000
0.100000 -0.011359 -0.300000
0.200000 0.004655 -0.300000
0.300000 0.009452 -0.300000
0.400000 -0.008528 -0.300000
0.500000 0.004011 -0.300000
-0.500000 0.009788 -0.400000
-0.400000 -0.000000 -0.400000
-0.300000 -0.011047 -0.400000
-0.200000 -0.005441 -0.400000
-0.100000 0.013277 -0.400000
0.000000 -0.000000 -0.400000
0.100000 -0.013277 -0.400000
0.200000 0.005441 -0.400000
0.300000 0.011047 -0.400000
0.400000 0.000000 -0.400000
0.500000 -0.009788 -0.400000
-0.500000 -0.000000 -0.500000
-0.400000 -0.009788 -0.500000
-0.300000 0.004011 -0.500000
-0.200000 0.006885 -0.500000
-0.100000 -0.016800 -0.500000
0.000000 -0.000000 -0.500000
0.100000 0.016800 -0.500000
0.200000 -0.006885 -0.500000
0.300000 -0.004011 -0.500000
0.400000 0.009788 -0.500000
0.500000 0.000000 -0.500000
</float_array>
          <technique_common>
            <accessor source="#WATER_ncl1_1-POSITION-array" count="121" stride="3">
              <param name="X" type="float"/>
              <param name="Y" type="float"/>
              <param name="Z" type="float"/>
            </accessor>
          </technique_common>
        </source>
        <source id="WATER_ncl1_1-Normal0">
          <float_array id="WATER_ncl1_1-Normal0-array" count="363">
0.097209 0.993125 0.065219
0.007777 0.999945 0.006985
-0.057165 0.993180 -0.101613
0.047874 0.998094 -0.038935
0.040452 0.993323 0.108044
-0.046106 0.998937 0.000051
0.040353 0.993330 -0.108016
0.047931 0.998089 0.038998
-0.057173 0.993184 0.101572
0.007748 0.999945 -0.007010
0.097138 0.993133 -0.065201
0.047521 0.997461 0.053042
0.034329 0.999042 0.027149
-0.005525 0.998685 -0.050975
-0.013573 0.998979 -0.043084
0.015464 0.998893 0.044433
0.025311 0.999680 -0.000144
0.015403 0.998891 -0.044490
-0.013598 0.998978 0.043106
-0.005747 0.998678 0.051086
0.034330 0.999044 -0.027079
0.047311 0.997477 -0.052934
-0.009842 0.999714 -0.021812
0.034399 0.999400 0.004009
0.042674 0.998524 0.033583
-0.024268 0.999619 -0.013116
-0.010614 0.997981 -0.062621
0.033969 0.999423 0.000053
-0.010893 0.997978 0.062622
-0.024022 0.999629 0.012834
0.042741 0.998522 -0.033566
0.034115 0.999410 -0.003882
-0.009860 0.999709 0.022025
0.014629 0.997656 -0.066854
-0.010519 0.998777 -0.048307
0.003712 0.999978 0.005517
0.051300 0.998550 0.016329
-0.000125 0.999809 -0.019532
-0.059662 0.998219 0.000108
-0.000272 0.999804 0.019780
0.051486 0.998542 -0.016247
0.003839 0.999976 -0.005793
-0.010620 0.998782 0.048197
0.014826 0.997665 0.066663
0.016085 0.999510 0.026860
0.002503 0.999981 -0.005615
-0.009747 0.998179 -0.059534
0.001894 0.999980 -0.005983
0.002740 0.997081 0.076301
-0.005973 0.999982 -0.000151
0.002702 0.997061 -0.076559
0.001694 0.999981 0.005932
-0.009776 0.998170 0.059667
0.002515 0.999981 0.005690
0.015817 0.999497 -0.027474
-0.020567 0.999610 0.018890
0.032280 0.999254 0.021221
0.021422 0.999672 0.014061
-0.063757 0.997954 -0.004727
-0.007907 0.999908 -0.011033
0.069807 0.997561 0.000262
-0.007677 0.999908 0.011159
-0.063952 0.997942 0.004629
0.021340 0.999677 -0.013766
0.032326 0.999254 -0.021143
-0.020387 0.999629 -0.018072
-0.004898 0.996528 -0.083117
-0.022141 0.999300 -0.030170
-0.009639 0.997974 0.062894
0.027560 0.999398 0.021046
0.003365 0.997182 -0.074945
-0.028205 0.999602 -0.000076
0.003821 0.997180 0.074956
0.027576 0.999400 -0.020961
-0.009458 0.997970 -0.062980
-0.022063 0.999291 0.030508
-0.003946 0.996516 0.083314
-0.018720 0.999823 -0.001770
-0.065124 0.997818 -0.010886
-0.037401 0.998771 -0.032529
0.066989 0.997751 -0.002301
0.013556 0.998946 0.043865
-0.069366 0.997591 -0.000091
0.014017 0.998934 -0.043990
0.066591 0.997777 0.002414
-0.037515 0.998788 0.031859
-0.065163 0.997814 0.010971
-0.019296 0.999813 0.000819
-0.048641 0.996494 0.068070
-0.004075 0.999863 0.016043
0.009048 0.997488 -0.070248
-0.050192 0.998264 -0.030830
-0.008838 0.998079 0.061315
0.059996 0.998199 0.000126
-0.008537 0.998102 -0.060985
-0.050511 0.998247 0.030842
0.008798 0.997471 0.070523
-0.004190 0.999866 -0.015806
-0.049726 0.996431 -0.068206
0.007851 0.999393 -0.033928
0.038512 0.998959 -0.024427
0.015424 0.999800 0.012722
-0.071925 0.997342 -0.011644
-0.020766 0.997369 -0.069451
0.064908 0.997891 -0.000292
-0.020715 0.997386 0.069220
-0.071874 0.997345 0.011725
0.015687 0.999801 -0.012301
0.038373 0.998962 0.024540
0.008016 0.999386 0.034110
0.058427 0.992820 -0.104379
0.028625 0.998550 -0.045596
-0.011810 0.997776 0.065604
-0.019795 0.999789 0.005448
-0.014309 0.991118 -0.132210
-0.011558 0.999933 -0.000257
-0.014568 0.991143 0.131996
-0.019647 0.999793 -0.005276
-0.011729 0.997777 -0.065608
0.028743 0.998553 0.045455
0.058853 0.992815 0.104185
</float_array>
          <technique_common>
            <accessor source="#WATER_ncl1_1-Normal0-array" count="121" stride="3">
              <param name="X" type="float"/>
              <param name="Y" type="float"/>
              <param name="Z" type="float"/>
            </accessor>
          </technique_common>
        </source>
        <source id="WATER_ncl1_1-UV0">
          <float_array id="WATER_ncl1_1-UV0-array" count="242">
0.000000 0.000000
0.100000 0.000000
0.200000 0.000000
0.300000 0.000000
0.400000 0.000000
0.500000 0.000000
0.600000 0.000000
0.700000 0.000000
0.800000 0.000000
0.900000 0.000000
1.000000 0.000000
0.000000 0.100000
0.100000 0.100000
0.200000 0.100000
0.300000 0.100000
0.400000 0.100000
0.500000 0.100000
0.600000 0.100000
0.700000 0.100000
0.800000 0.100000
0.900000 0.100000
1.000000 0.100000
0.000000 0.200000
0.100000 0.200000
0.200000 0.200000
0.300000 0.200000
0.400000 0.200000
0.500000 0.200000
0.600000 0.200000
0.700000 0.200000
0.800000 0.200000
0.900000 0.200000
1.000000 0.200000
0.000000 0.300000
0.100000 0.300000
0.200000 0.300000
0.300000 0.300000
0.400000 0.300000
0.500000 0.300000
0.600000 0.300000
0.700000 0.300000
0.800000 0.300000
0.900000 0.300000
1.000000 0.300000
0.000000 0.400000
0.100000 0.400000
0.200000 0.400000
0.300000 0.400000
0.400000 0.400000
0.500000 0.400000
0.600000 0.400000
0.700000 0.400000
0.800000 0.400000
0.900000 0.400000
1.000000 0.400000
0.000000 0.500000
0.100000 0.500000
0.200000 0.500000
0.300000 0.500000
0.400000 0.500000
0.500000 0.500000
0.600000 0.500000
0.700000 0.500000
0.800000 0.500000
0.900000 0.500000
1.000000 0.500000
0.000000 0.600000
0.100000 0.600000
0.200000 0.600000
0.300000 0.600000
0.400000 0.600000
0.500000 0.600000
0.600000 0.600000
0.700000 0.600000
0.800000 0.600000
0.900000 0.600000
1.000000 0.600000
0.000000 0.700000
0.100000 0.700000
0.200000 0.700000
0.300000 0.700000
0.400000 0.700000
0.500000 0.700000
0.600000 0.700000
0.700000 0.700000
0.800000 0.700000
0.900000 0.700000
1.000000 0.700000
0.000000 0.800000
0.100000 0.800000
0.200000 0.800000
0.300000 0.800000
0.400000 0.800000
0.500000 0.800000
0.600000 0.800000
0.700000 0.800000
0.800000 0.800000
0.900000 0.800000
1.000000 0.800000
0.000000 0.900000
0.100000 0.900000
0.200000 0.900000
0.300000 0.900000
0.400000 0.900000
0.500000 0.900000
0.600000 0.900000
0.700000 0.900000
0.800000 0.900000
0.900000 0.900000
1.000000 0.900000
0.000000 1.000000
0.100000 1.000000
0.200000 1.000000
0.300000 1.000000
0.400000 1.000000
0.500000 1.000000
0.600000 1.000000
0.700000 1.000000
0.800000 1.000000
0.900000 1.000000
1.000000 1.000000
</float_array>
          <technique_common>
            <accessor source="#WATER_ncl1_1-UV0-array" count="121" stride="2">
              <param name="S" type="float"/>
              <param name="T" type="float"/>
            </accessor>
          </technique_common>
        </source>
        <vertices id="WATER_ncl1_1-VERTEX">
          <input semantic="POSITION" source="#WATER_ncl1_1-POSITION"/>
          <input semantic="NORMAL" source="#WATER_ncl1_1-Normal0"/>
        </vertices>
        <triangles count="200" material="lambert1"><input semantic="VERTEX" offset="0" source="#WATER_ncl1_1-VERTEX"/><input semantic="TEXCOORD" offset="1" set="0" source="#WATER_ncl1_1-UV0"/><p> 1 1 12 12 0 0 0 0 12 12 11 11 2 2 13 13 1 1 1 1 13 13 12 12 3 3 14 14 2 2 2 2 14 14 13 13 4 4 15 15 3 3 3 3 15 15 14 14 5 5 15 15 4 4 15 15 5 5 16 16 6 6 16 16 5 5 16 16 6 6 17 17 7 7 18 18 6 6 6 6 18 18 17 17 8 8 19 19 7 7 7 7 19 19 18 18 9 9 20 20 8 8 8 8 20 20 19 19 10 10 21 21 9 9 9 9 21 21 20 20 12 12 23 23 11 11 11 11 23 23 22 22 13 13 24 24 12 12 12 12 24 24 23 23 14 14 25 25 13 13 13 13 25 25 24 24 15 15 26 26 14 14 14 14 26 26 25 25 16 16 26 26 15 15 26 26 16 16 27 27 17 17 27 27 16 16 27 27 17 17 28 28 18 18 29 29 17 17 17 17 29 29 28 28 19 19 30 30 18 18 18 18 30 30 29 29 20 20 31 31 19 19 19 19 31 31 30 30 21 21 32 32 20 20 20 20 32 32 31 31 34 34 22 22 23 23 22 22 34 34 33 33 35 35 23 23 24 24 23 23 35 35 34 34 25 25 36 36 24 24 24 24 36 36 35 35 26 26 37 37 25 25 25 25 37 37 36 36 27 27 38 38 26 26 26 26 38 38 37 37 39 39 27 27 28 28 27 27 39 39 38 38 29 29 40 40 28 28 28 28 40 40 39 39 41 41 29 29 30 30 29 29 41 41 40 40 42 42 30 30 31 31 30 30 42 42 41 41 43 43 31 31 32 32 31 31 43 43 42 42 34 34 45 45 33 33 33 33 45 45 44 44 35 35 46 46 34 34 34 34 46 46 45 45 36 36 47 47 35 35 35 35 47 47 46 46 37 37 48 48 36 36 36 36 48 48 47 47 38 38 49 49 37 37 37 37 49 49 48 48 39 39 50 50 38 38 38 38 50 50 49 49 40 40 51 51 39 39 39 39 51 51 50 50 41 41 52 52 40 40 40 40 52 52 51 51 42 42 53 53 41 41 41 41 53 53 52 52 43 43 54 54 42 42 42 42 54 54 53 53 45 45 56 56 44 44 44 44 56 56 55 55 46 46 57 57 45 45 45 45 57 57 56 56 47 47 58 58 46 46 46 46 58 58 57 57 48 48 59 59 47 47 47 47 59 59 58 58 49 49 59 59 48 48 59 59 49 49 60 60 50 50 60 60 49 49 60 60 50 50 61 61 51 51 62 62 50 50 50 50 62 62 61 61 52 52 63 63 51 51 51 51 63 63 62 62 53 53 64 64 52 52 52 52 64 64 63 63 54 54 65 65 53 53 53 53 65 65 64 64 67 67 55 55 56 56 55 55 67 67 66 66 68 68 56 56 57 57 56 56 68 68 67 67 58 58 69 69 57 57 57 57 69 69 68 68 59 59 70 70 58 58 58 58 70 70 69 69 60 60 70 70 59 59 70 70 60 60 71 71 61 61 71 71 60 60 71 71 61 61 72 72 62 62 73 73 61 61 61 61 73 73 72 72 74 74 62 62 63 63 62 62 74 74 73 73 75 75 63 63 64 64 63 63 75 75 74 74 76 76 64 64 65 65 64 64 76 76 75 75 78 78 66 66 67 67 66 66 78 78 77 77 79 79 67 67 68 68 67 67 79 79 78 78 69 69 80 80 68 68 68 68 80 80 79 79 81 81 69 69 70 70 69 69 81 81 80 80 82 82 70 70 71 71 70 70 82 82 81 81 72 72 83 83 71 71 71 71 83 83 82 82 73 73 84 84 72 72 72 72 84 84 83 83 74 74 85 85 73 73 73 73 85 85 84 84 86 86 74 74 75 75 74 74 86 86 85 85 76 76 87 87 75 75 75 75 87 87 86 86 89 89 77 77 78 78 77 77 89 89 88 88 90 90 78 78 79 79 78 78 90 90 89 89 80 80 91 91 79 79 79 79 91 91 90 90 81 81 92 92 80 80 80 80 92 92 91 91 82 82 93 93 81 81 81 81 93 93 92 92 94 94 82 82 83 83 82 82 94 94 93 93 84 84 95 95 83 83 83 83 95 95 94 94 96 96 84 84 85 85 84 84 96 96 95 95 97 97 85 85 86 86 85 85 97 97 96 96 98 98 86 86 87 87 86 86 98 98 97 97 100 100 88 88 89 89 88 88 100 100 99 99 101 101 89 89 90 90 89 89 101 101 100 100 91 91 102 102 90 90 90 90 102 102 101 101 92 92 103 103 91 91 91 91 103 103 102 102 93 93 103 103 92 92 103 103 93 93 104 104 94 94 104 104 93 93 104 104 94 94 105 105 95 95 106 106 94 94 94 94 106 106 105 105 107 107 95 95 96 96 95 95 107 107 106 106 108 108 96 96 97 97 96 96 108 108 107 107 109 109 97 97 98 98 97 97 109 109 108 108 111 111 99 99 100 100 99 99 111 111 110 110 112 112 100 100 101 101 100 100 112 112 111 111 102 102 113 113 101 101 101 101 113 113 112 112 114 114 102 102 103 103 102 102 114 114 113 113 104 104 114 114 103 103 114 114 104 104 115 115 105 105 115 115 104 104 115 115 105 105 116 116 117 117 105 105 106 106 105 105 117 117 116 116 107 107 118 118 106 106 106 106 118 118 117 117 119 119 107 107 108 108 107 107 119 119 118 118 120 120 108 108 109 109 108 108 120 120 119 119</p></triangles>
      </mesh>
    </geometry>
  </library_geometries>
  <library_controllers>
    <controller id="WATER_ncl1_1Controller">
      <skin source="#WATER_ncl1_1-lib">
        <bind_shape_matrix>24.000000 -0.000000 0.000000 0.000000 0.000000 24.000000 -0.000000 0.000000 0.000000 0.000000 24.000000 0.000000 0.000000 0.000000 0.000000 1.000000
</bind_shape_matrix>
        <source id="WATER_ncl1_1Controller-Joints">
          <Name_array id="WATER_ncl1_1Controller-Joints-array" count="25">
 freeJNT freeJNT1 freeJNT2 freeJNT3 freeJNT4 freeJNT5 freeJNT6 freeJNT7
freeJNT8 freeJNT9 freeJNT10 freeJNT11 freeJNT12 freeJNT13 freeJNT14 freeJNT15
freeJNT16 freeJNT17 freeJNT18 freeJNT19 freeJNT20 freeJNT21 freeJNT22 freeJNT23
freeJNT24</Name_array>
          <technique_common>
            <accessor source="#WATER_ncl1_1Controller-Joints-array" count="25">
              <param type="name"/>
            </accessor>
          </technique_common>
        </source>
        <source id="WATER_ncl1_1Controller-Matrices">
          <float_array id="WATER_ncl1_1Controller-Matrices-array" count="400">

-0.998528 0.054227 -0.001050 -9.575794 -0.002360 -0.024116 0.999706 -9.619842 0.054186 0.998237 0.024208 0.287786 0.000000 0.000000 0.000000 1.000000
-0.998177 -0.060358 -0.000682 -9.598724 -0.001319 0.010522 0.999944 -4.808996 -0.060347 0.998121 -0.010582 -0.206043 0.000000 0.000000 0.000000 1.000000
-0.998662 0.051711 -0.000000 -9.605396 0.000000 0.000000 1.000000 0.000000 0.051711 0.998662 -0.000000 0.144176 0.000000 0.000000 0.000000 1.000000
-0.998177 -0.060339 -0.001072 -9.607144 -0.000431 -0.010627 0.999943 4.792153 -0.060347 0.998121 0.010582 -0.206043 0.000000 0.000000 0.000000 1.000000
-0.998528 0.054227 0.001050 -9.575794 0.002360 0.024116 0.999706 9.619841 0.054186 0.998237 -0.024208 0.287786 0.000000 0.000000 0.000000 1.000000
-0.998140 -0.060955 0.000353 -4.802427 -0.000315 0.010952 0.999940 -9.599504 -0.060955 0.998080 -0.010951 -0.057126 0.000000 0.000000 0.000000 1.000000
-0.997888 0.064949 0.001482 -4.808427 0.000630 -0.013134 0.999914 -4.794244 0.064962 0.997802 0.013066 0.073131 0.000000 0.000000 0.000000 1.000000
-0.997498 -0.070699 0.000000 -4.801600 0.000000 -0.000000 1.000000 0.000000 -0.070699 0.997498 0.000000 -0.147313 0.000000 0.000000 0.000000 1.000000
-0.997888 0.064960 -0.000629 -4.804334 0.000222 0.013079 0.999914 4.798346 0.064962 0.997802 -0.013066 0.073131 0.000000 0.000000 0.000000 1.000000
-0.998140 -0.060957 -0.000143 -4.800407 0.000525 -0.010939 0.999940 9.600514 -0.060955 0.998080 0.010951 -0.057126 0.000000 0.000000 0.000000 1.000000
-0.998610 0.052710 -0.000000 0.000000 0.000000 0.000000 1.000000 -9.600000 0.052710 0.998610 -0.000000 0.000000 0.000000 0.000000 0.000000 1.000000
-0.997469 -0.071109 -0.000000 -0.000000 0.000000 -0.000000 1.000000 -4.800000 -0.071109 0.997469 0.000000 -0.000000 0.000000 0.000000 0.000000 1.000000
-0.996985 0.077589 0.000000 -0.000000 0.000000 0.000000 1.000000 -0.000000 0.077589 0.996985 -0.000000 -0.000000 0.000000 0.000000 0.000000 1.000000
-0.997469 -0.071109 0.000000 -0.000000 -0.000000 0.000000 1.000000 4.800000 -0.071109 0.997469 -0.000000 -0.000000 0.000000 0.000000 0.000000 1.000000
-0.998610 0.052710 0.000000 0.000000 -0.000000 -0.000000 1.000000 9.599999 0.052710 0.998610 0.000000 0.000000 0.000000 0.000000 0.000000 1.000000
-0.998138 -0.060973 0.001365 4.785919 0.002030 -0.010847 0.999939 -9.607745 -0.060955 0.998080 0.010951 0.057126 0.000000 0.000000 0.000000 1.000000
-0.997885 0.064929 -0.002974 4.815575 -0.002119 0.013231 0.999910 -4.787065 0.064962 0.997802 -0.013066 -0.073131 0.000000 0.000000 0.000000 1.000000
-0.997498 -0.070699 0.000000 4.801600 -0.000000 0.000000 1.000000 0.000000 -0.070699 0.997498 -0.000000 0.147313 0.000000 0.000000 0.000000 1.000000
-0.997887 0.064966 0.000111 4.801852 -0.000738 -0.013045 0.999915 4.800830 0.064962 0.997802 0.013066 -0.073131 0.000000 0.000000 0.000000 1.000000
-0.998139 -0.060970 -0.001074 4.788715 -0.001740 0.010865 0.999939 9.606351 -0.060955 0.998080 -0.010951 0.057126 0.000000 0.000000 0.000000 1.000000
-0.998527 0.054235 0.001352 9.572884 0.002662 0.024099 0.999706 -9.622737 0.054186 0.998237 -0.024208 -0.287786 0.000000 0.000000 0.000000 1.000000
-0.998176 -0.060323 -0.002570 9.614313 -0.001927 -0.010718 0.999941 -4.777752 -0.060347 0.998121 0.010582 0.206042 0.000000 0.000000 0.000000 1.000000
-0.998662 0.051711 -0.000000 9.605395 -0.000000 -0.000000 1.000000 0.000000 0.051711 0.998662 0.000000 -0.144175 0.000000 0.000000 0.000000 1.000000
-0.998177 -0.060351 -0.000032 9.601847 -0.000670 0.010561 0.999944 4.802755 -0.060347 0.998121 -0.010582 0.206042 0.000000 0.000000 0.000000 1.000000
-0.998522 0.054274 -0.003008 9.556926 -0.004317 -0.024010 0.999702 9.638585 0.054186 0.998237 0.024208 -0.287786 0.000000 0.000000 0.000000 1.000000</float_array>
          <technique_common>
            <accessor source="#WATER_ncl1_1Controller-Matrices-array" count="25" stride="16">
              <param type="float4x4"/>
            </accessor>
          </technique_common>
        </source>
        <source id="WATER_ncl1_1Controller-Weights">
          <float_array id="WATER_ncl1_1Controller-Weights-array" count="506">

1.000000 0.910675 0.036295 0.036405 0.011236 0.005389 0.940870 0.011836 0.038330 0.005649 0.003315 0.473340 0.018849 0.469894 0.018960 0.018958
0.037368 0.908174 0.011555 0.037368 0.005534 0.019134 0.474913 0.467765 0.019134 0.019053 0.036381 0.910611 0.011242 0.036381 0.005384 0.019053
0.467765 0.019134 0.474913 0.019134 0.037368 0.005534 0.908174 0.011555 0.037368 0.018958 0.469894 0.018960 0.473340 0.018849 0.003315 0.038330
0.005649 0.940870 0.011836 0.005389 0.036405 0.011236 0.910675 0.036295 0.941639 0.037574 0.003320 0.011788 0.005679 1.000000 0.473448 0.019398
0.482039 0.019143 0.005972 1.000000 0.468811 0.020061 0.484987 0.019949 0.006192 1.000000 0.006192 0.484987 0.019949 0.468811 0.020061 1.000000
0.005972 0.482038 0.019143 0.473448 0.019398 1.000000 0.011788 0.005679 0.941639 0.037574 0.003320 0.473366 0.469920 0.018833 0.018964 0.018916
0.495905 0.457795 0.006206 0.019970 0.020125 0.247765 0.249581 0.249581 0.243074 0.009999 0.019108 0.478052 0.464625 0.019108 0.019108 0.243995
0.250527 0.247724 0.247724 0.010030 0.018847 0.471739 0.471738 0.018847 0.018829 0.010030 0.247724 0.247723 0.243995 0.250527 0.019108 0.019108
0.478052 0.464625 0.019108 0.249581 0.243074 0.009999 0.247765 0.249581 0.019970 0.020125 0.495905 0.457795 0.006206 0.018964 0.018916 0.473366
0.469920 0.018833 0.036439 0.911202 0.035733 0.011216 0.005409 1.000000 0.020186 0.436058 0.020366 0.020032 0.503358 1.000000 0.020478 0.455110
0.020525 0.483544 0.020343 1.000000 0.483543 0.020343 0.020478 0.455111 0.020525 1.000000 0.020032 0.503358 0.020186 0.436058 0.020366 1.000000
0.011216 0.005409 0.036439 0.911202 0.035733 0.019234 0.474744 0.467599 0.019201 0.019222 0.006139 0.486636 0.467544 0.019808 0.019873 0.243994
0.247723 0.250526 0.247722 0.010035 0.018965 0.474277 0.468573 0.019093 0.019093 0.009944 0.245431 0.248208 0.248208 0.248208 0.018830 0.471759
0.471759 0.018830 0.018822 0.248208 0.248208 0.009944 0.245431 0.248209 0.019093 0.019093 0.474277 0.468573 0.018965 0.250526 0.247722 0.010035
0.243994 0.247723 0.019808 0.019873 0.006139 0.486636 0.467544 0.019201 0.019222 0.019234 0.474744 0.467599 0.035803 0.911762 0.035803 0.005416
0.011217 1.000000 0.020633 0.429545 0.020633 0.509003 0.020186 1.000000 0.020818 0.452092 0.020818 0.485646 0.020626 1.000000 0.020626 0.485645
0.020818 0.452092 0.020818 1.000000 0.509003 0.020186 0.020633 0.429546 0.020633 1.000000 0.011217 0.005416 0.035803 0.911761 0.035803 0.467598
0.474744 0.019234 0.019222 0.019201 0.467543 0.486637 0.006139 0.019873 0.019808 0.247722 0.243994 0.010035 0.247722 0.250526 0.018965 0.468572
0.474277 0.019093 0.019093 0.248208 0.245431 0.009944 0.248208 0.248209 0.018830 0.471759 0.471760 0.018822 0.018830 0.248208 0.248208 0.248208
0.245431 0.009944 0.019093 0.019093 0.468572 0.474277 0.018965 0.247722 0.250526 0.247722 0.243994 0.010035 0.019873 0.019808 0.467543 0.486637
0.006139 0.019222 0.019201 0.467598 0.474744 0.019234 0.035733 0.911202 0.036439 0.005409 0.011216 1.000000 0.020366 0.436058 0.020186 0.503358
0.020032 1.000000 0.020525 0.455110 0.020478 0.020343 0.483544 1.000000 0.483543 0.020343 0.020525 0.455111 0.020478 1.000000 0.503358 0.020032
0.020366 0.436058 0.020186 1.000000 0.005409 0.011216 0.035733 0.911202 0.036439 0.018833 0.469920 0.473366 0.018916 0.018964 0.006206 0.457795
0.495905 0.020125 0.019970 0.249581 0.247765 0.009999 0.243074 0.249581 0.019108 0.464625 0.478052 0.019108 0.019108 0.250527 0.243995 0.247724
0.247724 0.010030 0.018829 0.018847 0.471738 0.471739 0.018847 0.010030 0.247723 0.247724 0.250527 0.243996 0.019108 0.019108 0.464625 0.478052
0.019108 0.009999 0.243074 0.249581 0.249581 0.247765 0.020125 0.019970 0.006206 0.457795 0.495905 0.018916 0.018964 0.018833 0.469920 0.473366
0.003320 0.037574 0.941639 0.005679 0.011788 1.000000 0.019398 0.473448 0.019143 0.482039 0.005972 1.000000 0.020061 0.468811 0.019949 0.484987
0.006192 1.000000 0.006192 0.019949 0.484987 0.020061 0.468811 1.000000 0.005972 0.019143 0.482038 0.019398 0.473448 1.000000 0.005679 0.011788
0.003320 0.037574 0.941639 0.036295 0.910675 0.011236 0.036405 0.005389 0.011836 0.940870 0.005649 0.038330 0.003315 0.018849 0.473340 0.018960
0.469894 0.018958 0.037368 0.011555 0.908174 0.005534 0.037368 0.019134 0.474913 0.019134 0.467765 0.019053 0.036381 0.011242 0.910611 0.005384
0.036381 0.019053 0.019134 0.467765 0.474913 0.019134 0.005534 0.037368 0.011555 0.908174 0.037368 0.018958 0.018960 0.469894 0.018849 0.473340
0.003315 0.005649 0.038330 0.011836 0.940870 0.005389 0.011236 0.036405 0.036295 0.910674</float_array>
          <technique_common>
            <accessor source="#WATER_ncl1_1Controller-Weights-array" count="506">
              <param type="float"/>
            </accessor>
          </technique_common>
        </source>
        <joints>
          <input semantic="JOINT" source="#WATER_ncl1_1Controller-Joints"/>
          <input semantic="INV_BIND_MATRIX" source="#WATER_ncl1_1Controller-Matrices"/>
        </joints>
        <vertex_weights count="121">
          <input semantic="JOINT" offset="0" source="#WATER_ncl1_1Controller-Joints"/>
          <input semantic="WEIGHT" offset="1" source="#WATER_ncl1_1Controller-Weights"/>
          <vcount>5 5 5 5 5 5 5 5 5 5 5 5 1 5 1 5 1 5 1 5 1 5 5 5 5 5 5 5 5 5 5 5 5 5 1 5 1 5 1 5 1 5 1 5 5 5 5 5 5 5 5 5 5 5 5 5 1 5 1 5 1 5 1 5 1 5 5 5 5 5 5 5 5 5 5 5 5 5 1 5 1 5 1 5 1 5 1 5 5 5 5 5 5 5 5 5 5 5 5 5 1 5 1 5 1 5 1 5 1 5 5 5 5 5 5 5 5 5 5 5 5</vcount>
          <v>0 1 1 2 5 3 6 4 10 5 0 6 1 7 5 8 6 9 10 10 0 11 1 12 5 13 6 14 10 15 0 16 5 17 6 18 10 19 11 20 0 21 5 22 10 23 11 24 15 25 5 26 10 27 11 28 15 29 16 30 5 31 10 32 11 33 15 34 20 35 10 36 11 37 15 38 16 39 20 40 10 41 15 42 16 43 20 44 21 45 10 46 15 47 16 48 20 49 21 50 10 51 15 52 16 53 20 54 21 55 0 56 1 57 2 58 5 59 6 60 0 61 0 62 1 63 5 64 6 65 10 66 5 67 5 68 6 69 10 70 11 71 15 72 10 73 5 74 10 75 11 76 15 77 16 78 15 79 10 80 15 81 16 82 20 83 21 84 20 85 15 86 16 87 20 88 21 89 22 90 0 91 1 92 2 93 5 94 6 95 0 96 1 97 2 98 5 99 6 100 0 101 1 102 5 103 6 104 7 105 0 106 5 107 6 108 10 109 11 110 5 111 6 112 10 113 11 114 15 115 5 116 10 117 11 118 15 119 16 120 5 121 10 122 11 123 15 124 16 125 10 126 11 127 15 128 16 129 20 130 15 131 16 132 17 133 20 134 21 135 15 136 16 137 20 138 21 139 22 140 15 141 16 142 20 143 21 144 22 145 0 146 1 147 2 148 6 149 7 150 1 151 0 152 1 153 2 154 5 155 6 156 6 157 5 158 6 159 7 160 11 161 12 162 11 163 11 164 12 165 15 166 16 167 17 168 16 169 15 170 16 171 20 172 21 173 22 174 21 175 16 176 17 177 20 178 21 179 22 180 0 181 1 182 2 183 6 184 7 185 0 186 1 187 2 188 6 189 7 190 1 191 2 192 6 193 7 194 12 195 2 196 6 197 7 198 11 199 12 200 5 201 6 202 7 203 11 204 12 205 6 206 11 207 12 208 16 209 17 210 11 211 12 212 15 213 16 214 17 215 11 216 12 217 16 218 17 219 22 220 16 221 17 222 20 223 21 224 22 225 16 226 17 227 20 228 21 229 22 230 16 231 17 232 20 233 21 234 22 235 1 236 2 237 3 238 6 239 7 240 2 241 1 242 2 243 3 244 7 245 8 246 7 247 6 248 7 249 8 250 12 251 13 252 12 253 11 254 12 255 16 256 17 257 18 258 17 259 17 260 18 261 21 262 22 263 23 264 22 265 17 266 18 267 21 268 22 269 23 270 2 271 3 272 4 273 7 274 8 275 2 276 3 277 4 278 7 279 8 280 2 281 3 282 4 283 7 284 8 285 2 286 7 287 8 288 12 289 13 290 7 291 8 292 9 293 12 294 13 295 8 296 12 297 13 298 17 299 18 300 12 301 13 302 17 303 18 304 19 305 12 306 13 307 17 308 18 309 22 310 17 311 18 312 22 313 23 314 24 315 17 316 18 317 22 318 23 319 24 320 17 321 18 322 22 323 23 324 24 325 2 326 3 327 4 328 7 329 8 330 3 331 2 332 3 333 4 334 8 335 9 336 8 337 7 338 8 339 9 340 12 341 13 342 13 343 13 344 14 345 17 346 18 347 19 348 18 349 18 350 19 351 22 352 23 353 24 354 23 355 17 356 18 357 22 358 23 359 24 360 2 361 3 362 4 363 8 364 9 365 2 366 3 367 4 368 8 369 9 370 3 371 4 372 7 373 8 374 9 375 4 376 8 377 9 378 13 379 14 380 8 381 9 382 13 383 14 384 19 385 8 386 9 387 13 388 14 389 19 390 9 391 13 392 14 393 18 394 19 395 13 396 14 397 18 398 19 399 24 400 17 401 18 402 19 403 23 404 24 405 18 406 19 407 22 408 23 409 24 410 18 411 19 412 22 413 23 414 24 415 2 416 3 417 4 418 8 419 9 420 4 421 3 422 4 423 8 424 9 425 14 426 9 427 8 428 9 429 13 430 14 431 19 432 14 433 9 434 13 435 14 436 18 437 19 438 19 439 14 440 18 441 19 442 23 443 24 444 24 445 18 446 19 447 22 448 23 449 24 450 3 451 4 452 8 453 9 454 14 455 3 456 4 457 8 458 9 459 14 460 3 461 4 462 8 463 9 464 14 465 4 466 8 467 9 468 13 469 14 470 4 471 9 472 13 473 14 474 19 475 9 476 13 477 14 478 18 479 19 480 9 481 13 482 14 483 19 484 24 485 13 486 14 487 18 488 19 489 24 490 14 491 18 492 19 493 23 494 24 495 14 496 18 497 19 498 23 499 24 500 14 501 18 502 19 503 23 504 24 505</v>
        </vertex_weights>
      </skin>
    </controller>
  </library_controllers>
  <library_animations>
    <animation id="freeJNT-anim" name="freeJNT"><animation><source id="freeJNT-Matrix-animation-input"><float_array id="freeJNT-Matrix-animation-input-array" count="60">

0.041667 0.083333 0.125000 0.166667 0.208333 0.250000 0.291667 0.333333 0.375000 0.416667 0.458333 0.500000 0.541667 0.583333 0.625000 0.666667
0.708333 0.750000 0.791667 0.833333 0.875000 0.916667 0.958333 1.000000 1.041667 1.083333 1.125000 1.166667 1.208333 1.250000 1.291667 1.333333
1.375000 1.416667 1.458333 1.500000 1.541667 1.583333 1.625000 1.666667 1.708333 1.750000 1.791667 1.833333 1.875000 1.916667 1.958333 2.000000
2.041667 2.083333 2.125000 2.166667 2.208333 2.250000 2.291667 2.333333 2.375000 2.416667 2.458333 2.500000</float_array><technique_common><accessor source="#freeJNT-Matrix-animation-input-array" count="60"><param name="TIME" type="float"/></accessor></technique_common></source><source id="freeJNT-Matrix-animation-output-transform"><float_array id="freeJNT-Matrix-animation-output-transform-array" count="960">

-0.998528 -0.002360 0.054186 -9.600000 0.054227 -0.024116 0.998237 -0.000000 -0.001050 0.999706 0.024208 9.600000 0.000000 0.000000 0.000000 1.000000
-0.998403 -0.001405 0.056482 -9.600000 0.056499 -0.020013 0.998202 -0.000000 -0.000272 0.999799 0.020060 9.600000 0.000000 0.000000 0.000000 1.000000
-0.998422 -0.000587 0.056149 -9.600000 0.056152 -0.014931 0.998311 -0.000000 0.000252 0.999888 0.014940 9.600000 0.000000 0.000000 0.000000 1.000000
-0.998581 -0.000061 0.053245 -9.600000 0.053243 -0.009134 0.998540 -0.000000 0.000425 0.999958 0.009125 9.600000 0.000000 0.000000 0.000000 1.000000
-0.998849 0.000077 0.047957 -9.600000 0.047957 -0.002938 0.998845 -0.000000 0.000218 0.999996 0.002931 9.600000 0.000000 0.000000 0.000000 1.000000
-0.999177 -0.000193 0.040572 -9.600000 0.040571 0.003332 0.999171 0.000000 -0.000328 0.999994 -0.003321 9.600000 0.000000 0.000000 0.000000 1.000000
-0.999505 -0.000816 0.031443 -9.600000 0.031434 0.009368 0.999462 0.000000 -0.001110 0.999956 -0.009338 9.600000 0.000000 0.000000 0.000000 1.000000
-0.999778 0.001897 0.020967 -9.600000 0.020993 0.014834 0.999670 -0.000000 0.001586 0.999888 -0.014870 9.600000 0.000000 0.000000 0.000000 1.000000
-0.999952 0.002096 0.009572 -9.600000 0.009611 0.019696 0.999760 -0.000000 0.001907 0.999804 -0.019715 9.600000 0.000000 0.000000 0.000000 1.000000
-0.999991 -0.003473 -0.002283 -9.600000 -0.002365 0.023699 0.999716 0.000000 -0.003418 0.999713 -0.023707 9.600000 0.000000 0.000000 0.000000 1.000000
-0.999892 -0.004105 -0.014107 -9.600000 -0.014212 0.026648 0.999544 0.000000 -0.003728 0.999636 -0.026704 9.600000 0.000000 0.000000 0.000000 1.000000
-0.999668 -0.004403 -0.025383 -9.600000 -0.025499 0.028475 0.999269 0.000000 -0.003676 0.999585 -0.028578 9.600000 0.000000 0.000000 0.000000 1.000000
-0.999357 -0.004310 -0.035583 -9.600000 -0.035694 0.029085 0.998939 0.000000 -0.003270 0.999568 -0.029220 9.600000 0.000000 0.000000 0.000000 1.000000
-0.999015 -0.003836 -0.044200 -9.600000 -0.044291 0.028411 0.998615 0.000000 -0.002575 0.999589 -0.028553 9.600000 0.000000 0.000000 0.000000 1.000000
-0.998705 -0.003061 -0.050787 -9.600000 -0.050851 0.026432 0.998356 0.000000 -0.001713 0.999646 -0.026553 9.600000 0.000000 0.000000 0.000000 1.000000
-0.998484 -0.002118 -0.055004 -9.600000 -0.055039 0.023194 0.998215 0.000000 -0.000839 0.999729 -0.023275 9.600000 0.000000 0.000000 0.000000 1.000000
-0.998394 -0.001181 -0.056645 -9.600000 -0.056658 0.018825 0.998216 0.000000 -0.000112 0.999822 -0.018862 9.600000 0.000000 0.000000 0.000000 1.000000
-0.998450 -0.000424 -0.055659 -9.600000 -0.055659 0.013537 0.998358 0.000000 0.000330 0.999908 -0.013539 9.600000 0.000000 0.000000 0.000000 1.000000
-0.998640 0.000012 -0.052136 -9.600000 -0.052135 0.007610 0.998611 0.000000 0.000409 0.999971 -0.007599 9.600000 0.000000 0.000000 0.000000 1.000000
-0.998928 0.000047 -0.046294 -9.600000 -0.046294 0.001365 0.998927 -0.000000 0.000110 0.999999 -0.001361 9.600000 0.000000 0.000000 0.000000 1.000000
-0.999261 -0.000319 -0.038438 -9.600000 -0.038436 -0.004874 0.999249 0.000000 -0.000507 0.999988 0.004858 9.600000 0.000000 0.000000 0.000000 1.000000
-0.999581 -0.001014 -0.028934 -9.600000 -0.028921 -0.010809 0.999523 -0.000000 -0.001326 0.999941 0.010775 9.600000 0.000000 0.000000 0.000000 1.000000
-0.999833 0.001984 -0.018187 -9.600000 -0.018216 -0.016120 0.999704 -0.000000 0.001690 0.999868 0.016153 9.600000 0.000000 0.000000 0.000000 1.000000
-0.999976 0.002084 -0.006632 -9.600000 -0.006674 -0.020786 0.999762 0.000000 0.001946 0.999782 0.020799 9.600000 0.000000 0.000000 0.000000 1.000000
-0.999979 -0.003657 0.005262 -9.600000 0.005350 -0.024536 0.999685 -0.000000 -0.003527 0.999692 0.024555 9.600000 0.000000 0.000000 0.000000 1.000000
-0.999847 -0.004214 0.016998 -9.600000 0.017107 -0.027214 0.999483 -0.000000 -0.003750 0.999621 0.027282 9.600000 0.000000 0.000000 0.000000 1.000000
-0.999597 -0.004417 0.028055 -9.600000 0.028170 -0.028745 0.999190 -0.000000 -0.003607 0.999577 0.028858 9.600000 0.000000 0.000000 0.000000 1.000000
-0.999272 -0.004225 0.037905 -9.600000 0.038012 -0.029038 0.998855 -0.000000 -0.003119 0.999569 0.029178 9.600000 0.000000 0.000000 0.000000 1.000000
-0.998932 -0.003666 0.046053 -9.600000 0.046137 -0.028038 0.998542 -0.000000 -0.002370 0.999600 0.028177 9.600000 0.000000 0.000000 0.000000 1.000000
-0.998639 -0.002834 0.052075 -9.600000 0.052130 -0.025737 0.998309 -0.000000 -0.001489 0.999665 0.025850 9.600000 0.000000 0.000000 0.000000 1.000000
-0.998448 -0.001876 0.055661 -9.600000 0.055689 -0.022201 0.998201 -0.000000 -0.000637 0.999752 0.022271 9.600000 0.000000 0.000000 0.000000 1.000000
-0.998394 -0.000968 0.056644 -9.600000 0.056652 -0.017579 0.998239 -0.000000 0.000029 0.999845 0.017606 9.600000 0.000000 0.000000 0.000000 1.000000
-0.998486 -0.000280 0.055009 -9.600000 0.055009 -0.012103 0.998413 0.000000 0.000386 0.999927 0.012100 9.600000 0.000000 0.000000 0.000000 1.000000
-0.998705 0.000060 0.050883 -9.600000 0.050881 -0.006066 0.998686 -0.000000 0.000368 0.999982 0.006055 9.600000 0.000000 0.000000 0.000000 1.000000
-0.999009 -0.000009 0.044506 -9.600000 0.044506 0.000208 0.999009 0.000000 -0.000018 1.000000 -0.000207 9.600000 0.000000 0.000000 0.000000 1.000000
-0.999344 -0.000467 0.036201 -9.600000 0.036198 0.006397 0.999324 0.000000 -0.000698 0.999979 -0.006375 9.600000 0.000000 0.000000 0.000000 1.000000
-0.999651 0.001657 0.026347 -9.600000 0.026365 0.012139 0.999579 -0.000000 0.001337 0.999925 -0.012178 9.600000 0.000000 0.000000 0.000000 1.000000
-0.999880 0.002046 0.015356 -9.600000 0.015389 0.017360 0.999731 0.000000 0.001779 0.999847 -0.017390 9.600000 0.000000 0.000000 0.000000 1.000000
-0.999989 -0.003063 0.003672 -9.600000 0.003604 0.021839 0.999755 0.000000 -0.003143 0.999757 -0.021827 9.600000 0.000000 0.000000 0.000000 1.000000
-0.999959 -0.003826 -0.008231 -9.600000 -0.008325 0.025308 0.999645 -0.000000 -0.003616 0.999672 -0.025338 9.600000 0.000000 0.000000 0.000000 1.000000
-0.999794 -0.004301 -0.019847 -9.600000 -0.019959 0.027708 0.999417 0.000000 -0.003748 0.999607 -0.027789 9.600000 0.000000 0.000000 0.000000 1.000000
-0.999520 -0.004406 -0.030650 -9.600000 -0.030765 0.028937 0.999108 -0.000000 -0.003515 0.999572 -0.029059 9.600000 0.000000 0.000000 0.000000 1.000000
-0.999186 -0.004117 -0.040119 -9.600000 -0.040222 0.028911 0.998772 0.000000 -0.002952 0.999574 -0.029053 9.600000 0.000000 0.000000 0.000000 1.000000
-0.998852 -0.003479 -0.047772 -9.600000 -0.047850 0.027583 0.998474 0.000000 -0.002156 0.999613 -0.027718 9.600000 0.000000 0.000000 0.000000 1.000000
-0.998580 -0.002600 -0.053208 -9.600000 -0.053257 0.024964 0.998269 0.000000 -0.001267 0.999685 -0.025067 9.600000 0.000000 0.000000 0.000000 1.000000
-0.998421 -0.001638 -0.056154 -9.600000 -0.056176 0.021139 0.998197 0.000000 -0.000448 0.999775 -0.021198 9.600000 0.000000 0.000000 0.000000 1.000000
-0.998404 -0.000770 -0.056478 -9.600000 -0.056483 0.016280 0.998271 0.000000 0.000151 0.999867 -0.016297 9.600000 0.000000 0.000000 0.000000 1.000000
-0.998530 -0.000159 -0.054203 -9.600000 -0.054202 0.010634 0.998473 -0.000000 0.000418 0.999943 -0.010627 9.600000 0.000000 0.000000 0.000000 1.000000
-0.998775 0.000081 -0.049488 -9.600000 -0.049487 0.004507 0.998765 0.000000 0.000304 0.999990 -0.004497 9.600000 0.000000 0.000000 0.000000 1.000000
-0.999092 -0.000089 -0.042596 -9.600000 -0.042596 -0.001775 0.999091 -0.000000 -0.000165 0.999998 0.001769 9.600000 0.000000 0.000000 0.000000 1.000000
-0.999426 -0.000633 -0.033868 -9.600000 -0.033862 -0.007896 0.999395 -0.000000 -0.000900 0.999969 0.007870 9.600000 0.000000 0.000000 0.000000 1.000000
-0.999718 0.001788 -0.023689 -9.600000 -0.023711 -0.013506 0.999628 0.000000 0.001468 0.999907 0.013544 9.600000 0.000000 0.000000 0.000000 1.000000
-0.999920 0.002083 -0.012482 -9.600000 -0.012519 -0.018554 0.999749 0.000000 0.001851 0.999826 0.018578 9.600000 0.000000 0.000000 0.000000 1.000000
-0.999994 -0.003274 -0.000697 -9.600000 -0.000622 -0.022800 0.999740 -0.000000 -0.003289 0.999735 0.022797 9.600000 0.000000 0.000000 0.000000 1.000000
-0.999930 -0.003975 0.011182 -9.600000 0.011282 -0.026012 0.999598 -0.000000 -0.003683 0.999654 0.026055 9.600000 0.000000 0.000000 0.000000 1.000000
-0.999734 -0.004364 0.022645 -9.600000 0.022759 -0.028129 0.999345 -0.000000 -0.003724 0.999595 0.028221 9.600000 0.000000 0.000000 0.000000 1.000000
-0.999440 -0.004370 0.033163 -9.600000 0.033276 -0.029051 0.999024 0.000000 -0.003402 0.999568 0.029180 9.600000 0.000000 0.000000 0.000000 1.000000
-0.999100 -0.003987 0.042220 -9.600000 0.042317 -0.028702 0.998692 -0.000000 -0.002770 0.999580 0.028845 9.600000 0.000000 0.000000 0.000000 1.000000
-0.998776 -0.003276 0.049352 -9.600000 0.049422 -0.027048 0.998412 -0.000000 -0.001936 0.999629 0.027177 9.600000 0.000000 0.000000 0.000000 1.000000
